timestamp,action,position,velocity
1727681375.6244056,0.0,-0.55945724,0.015693262
1727681375.6279116,0.0,-0.54349554,0.015961682
1727681375.6640499,0.0,-0.5273847,0.016110819
1727681375.694451,0.0,-0.5112455,0.016139213
1727681375.7277143,0.0,-0.4951989,0.016046584
1727681375.7622828,0.0,-0.47936505,0.015833842
1727681375.794945,0.0,-0.463862,0.015503062
1727681375.8283026,0.0,-0.44880456,0.015057431
1727681375.8622694,0.0,-0.4343034,0.014501169
1727681375.896406,0.0,-0.42046398,0.013839436
1727681375.9293418,0.0,-0.40738577,0.013078207
1727681375.962904,0.0,-0.3951616,0.012224159
1727681375.9966068,0.0,-0.38387707,0.0112845395
1727681376.0299137,0.0,-0.37361002,0.010267044
1727681376.0635502,0.0,-0.3644303,0.009179707
1727681376.0960727,0.0,-0.3563995,0.008030794
1727681376.1295183,0.0,-0.34957078,0.006828726
1727681376.1632168,0.0,-0.34398878,0.0055820066
1727681376.1966443,0.0,-0.3396896,0.0042991764
1727681376.229448,0.0,-0.33670083,0.0029887785
1727681376.2626557,0.0,-0.3350415,0.0016593437
1727681376.2962408,0.0,-0.3347221,0.0003193859
1727681376.330283,0.0,-0.3357447,-0.0010225936
1727681376.3636928,0.0,-0.33810282,-0.002358096
1727681376.3970253,0.0,-0.34178144,-0.003678614
1727681376.4305909,0.0,-0.34675705,-0.0049756253
1727681376.463153,0.0,-0.35299763,-0.0062405914
1727681376.4972463,0.0,-0.3604626,-0.007464967
1727681376.5314023,0.0,-0.36910284,-0.008640227
1727681376.563963,0.0,-0.37886074,-0.009757903
1727681376.597541,0.0,-0.3896704,-0.010809647
1727681376.6311245,0.0,-0.4014577,-0.011787302
1727681376.6646788,0.0,-0.4141407,-0.012682998
1727681376.6973417,0.0,-0.42762995,-0.013489259
1727681376.7304952,0.0,-0.4418291,-0.014199123
1727681376.7630777,0.0,-0.45663536,-0.014806263
1727681376.7972987,0.0,-0.4719405,-0.015305118
1727681376.8299718,0.0,-0.4876315,-0.015691007
1727681376.86353,0.0,-0.5035917,-0.015960239
1727681376.8963583,0.0,-0.5197019,-0.016110202
1727681376.9304535,0.0,-0.53584135,-0.016139429
1727681376.962971,0.0,-0.551889,-0.01604763
1727681376.9975817,0.0,-0.5677247,-0.015835708
1727681377.0310974,0.0,-0.58323044,-0.015505729
1727681377.064647,0.0,-0.59829134,-0.015060874
1727681377.097242,0.0,-0.61279666,-0.014505356
1727681377.1308093,0.0,-0.626641,-0.013844327
1727681377.16436,0.0,-0.63972473,-0.013083761
1727681377.19846,0.0,-0.65195507,-0.012230326
1727681377.2320619,0.0,-0.66324633,-0.011291269
1727681377.26577,0.0,-0.6735206,-0.010274283
1727681377.299843,0.0,-0.682708,-0.009187397
1727681377.3334618,0.0,-0.6907469,-0.008038878
1727681377.3675246,0.0,-0.69758403,-0.006837147
1727681377.4003413,0.0,-0.7031747,-0.0055907057
1727681377.5048811,0.0,-0.7074828,-0.0043080947
1727681377.5064547,0.0,-0.7104807,-0.0029978573
1727681377.54136,0.0,-0.7121492,-0.0016685243
1727681377.5796828,0.0,-0.7124778,-0.00032860992
1727681377.6074333,0.0,-0.7114644,0.0010133844
1727681377.6416059,0.0,-0.70911545,0.00234896
1727681377.6749222,0.0,-0.7054458,0.00366961
1727681377.7083206,0.0,-0.70047903,0.0049668117
1727681377.7420113,0.0,-0.694247,0.006232027
1727681377.7759852,0.0,-0.6867903,0.007456711
1727681377.8102007,0.0,-0.6781579,0.008632337
1727681377.8437455,0.0,-0.6684075,0.009750438
1727681377.8778236,0.0,-0.6576048,0.010802663
1727681377.9111524,0.0,-0.64582396,0.011780853
1727681377.94505,0.0,-0.6331468,0.012677139
1727681377.9788353,0.0,-0.61966276,0.013484038
1727681378.0119872,0.0,-0.60546815,0.014194586
1727681378.0460875,0.20635986328125,-0.5903562,0.015111992
1727681378.0795686,0.579345703125,-0.5738778,0.01647835
1727681378.11359,0.936492919921875,-0.55561906,0.018258754
1727681378.1470165,0.999969482421875,-0.53562057,0.01999849
1727681378.1812067,0.999969482421875,-0.514032,0.021588588
1727681378.2138762,0.999969482421875,-0.4910152,0.023016801
1727681378.2474868,0.999969482421875,-0.46674243,0.024272768
1727681378.2806907,0.999969482421875,-0.44139406,0.025348363
1727681378.313131,0.999969482421875,-0.41515604,0.026238013
1727681378.347303,0.999969482421875,-0.38821712,0.026938917
1727681378.3808765,0.999969482421875,-0.36076593,0.027451195
1727681378.4149523,0.999969482421875,-0.33298802,0.027777897
1727681378.4480467,0.999969482421875,-0.3050631,0.027924918
1727681378.4816203,0.999969482421875,-0.2771623,0.02790077
1727681378.514706,0.999969482421875,-0.24944603,0.02771628
1727681378.5477405,0.999969482421875,-0.22206186,0.027384184
1727681378.5815654,0.999969482421875,-0.19514318,0.026918678
1727681378.614542,0.999969482421875,-0.16880824,0.026334945
1727681378.6475253,0.999969482421875,-0.14315955,0.025648689
1727681378.6809611,0.999969482421875,-0.11828387,0.024875686
1727681378.7142038,0.999969482421875,-0.094252475,0.024031395
1727681378.7480378,0.999969482421875,-0.07112185,0.023130625
1727681378.7817607,0.999969482421875,-0.04893458,0.02218727
1727681378.8161554,0.999969482421875,-0.027720464,0.021214115
1727681378.8503795,0.999969482421875,-0.007497756,0.020222709
1727681378.8838346,0.999969482421875,0.011725539,0.019223295
1727681378.9174237,0.999969482421875,0.029950336,0.018224796
1727681378.9505806,0.999969482421875,0.04718517,0.017234836
1727681378.9832497,0.999969482421875,0.063444965,0.016259795
1727681379.0163858,0.999969482421875,0.07874986,0.015304897
1727681379.0496075,0.999969482421875,0.09312415,0.014374294
1727681379.083031,0.999969482421875,0.10659533,0.013471177
1727681379.1172616,0.999969482421875,0.119193204,0.012597875
1727681379.151505,0.999969482421875,0.13094917,0.011755962
1727681379.184085,0.999969482421875,0.14189553,0.0109463595
1727681379.217674,0.999969482421875,0.15206496,0.010169425
1727681379.2512596,0.999969482421875,0.16149001,0.009425041
1727681379.284541,0.999969482421875,0.1702027,0.00871269
1727681379.3183076,0.999969482421875,0.17823423,0.008031526
1727681379.3516276,0.999969482421875,0.18561466,0.0073804297
1727681379.385188,0.999969482421875,0.19237272,0.0067580654
1727681379.4178865,0.999969482421875,0.19853565,0.0061629233
1727681379.4514787,0.999969482421875,0.20412901,0.005593357
1727681379.4850569,0.999969482421875,0.20917663,0.0050476156
1727681379.5186515,0.999969482421875,0.2137005,0.004523869
1727681379.551307,0.999969482421875,0.21772073,0.00402023
1727681379.5847242,0.999969482421875,0.2212555,0.003534769
1727681379.618598,0.920623779296875,0.224202,0.0029465114
1727681379.6519926,0.75396728515625,0.22632396,0.0021219605
1727681379.686432,0.611114501953125,0.22741705,0.0010930853
1727681379.7197456,0.388885498046875,0.22715308,-0.00026397457
1727681379.753313,0.023834228515625,0.22498322,-0.0021698591
1727681379.78753,0.0,0.22086151,-0.004121705
1727681379.8208506,0.0,0.2147688,-0.0060927174
1727681379.85443,0.0,0.20667729,-0.008091508
1727681379.8870482,0.0,0.19655113,-0.010126159
1727681379.9211168,0.0,0.18434714,-0.012203992
1727681379.9550014,0.0,0.17001581,-0.014331319
1727681379.9884298,0.0,0.15350269,-0.016513122
1727681380.0216577,0.0,0.13475,-0.018752689
1727681380.0554066,0.0,0.11369881,-0.021051183
1727681380.0883787,0.0,0.09029166,-0.023407154
1727681380.1221662,0.0,0.06447566,-0.025815997
1727681380.1560023,0.0,0.036206286,-0.028269375
1727681380.1907883,0.0,0.005451645,-0.030754643
1727681380.2236037,0.0,-0.027802663,-0.033254307
1727681380.256035,0.0,-0.06354828,-0.035745617
1727681380.2907524,0.0,-0.10174861,-0.038200323
1727681380.3235261,0.0,-0.14233336,-0.040584754
1727681380.3576531,0.0,-0.18519364,-0.042860284
1727681380.3907778,0.0,-0.23017791,-0.04498427
1727681380.4251802,0.0,-0.27708945,-0.046911534
1727681380.459555,0.0,-0.32568583,-0.048596382
1727681380.4926813,0.0,-0.37568086,-0.049995042
1727681380.5254111,0.0,-0.42674923,-0.051068373
1727681380.558719,0.0,-0.4785338,-0.051784568
1727681380.5923429,0.0,-0.5306553,-0.052121527
1727681380.6261008,0.0,-0.5827239,-0.052068606
1727681380.6599534,0.0,-0.63435143,-0.05162749
1727681380.6942804,0.0,-0.6851635,-0.050812043
1727681380.7274003,0.0,-0.7348107,-0.049647197
1727681380.7606618,0.0,-0.7829777,-0.048167
1727681380.7939603,0.0,-0.8293898,-0.046412118
1727681380.8281696,0.0,-0.8738169,-0.0444271
1727681380.8617206,0.0,-0.91607463,-0.04225773
1727681380.896392,0.0,-0.95602334,-0.039948672
1727681380.9303486,0.0,-0.99356496,-0.03754161
1727681380.9638832,0.0,-1.0286388,-0.0350739
1727681380.9974341,0.0,-1.0612166,-0.03257777
1727681381.0302691,0.0,-1.0912966,-0.030079983
1727681381.0629365,0.0,-1.1188984,-0.027601829
1727681381.0964973,0.0,-1.1440579,-0.025159443
1727681381.1303596,0.0,-1.1668221,-0.022764249
1727681381.1634543,0.0,-1.1872456,-0.020423517
1727681381.1964228,0.0,-1.2,0.0
1727681381.2301512,0.0,-1.1977582,0.0022418958
1727681381.2637532,0.0,-1.193267,0.0044911816
1727681381.2972429,0.0,-1.186512,0.006754965
1727681381.3308382,0.0,-1.1774722,0.009039779
1727681381.3644836,0.0,-1.166121,0.011351268
1727681381.3971264,0.0,-1.1524272,0.013693842
1727681381.4308379,0.0,-1.136357,0.016070299
1727681381.4644802,0.0,-1.1178756,0.0184814
1727681381.499205,0.12701416015625,-1.0967597,0.021115933
1727681381.5314364,0.484130859375,-1.0724452,0.024314545
1727681381.5639834,0.85711669921875,-1.044352,0.028093053
1727681381.5980356,0.999969482421875,-1.0122591,0.032092918
1727681381.6326182,0.999969482421875,-0.97617996,0.036079153
1727681381.6653,0.999969482421875,-0.93615735,0.04002258
1727681381.6994827,0.999969482421875,-0.89227223,0.0438851
1727681381.7336452,0.999969482421875,-0.84465235,0.04761986
1727681381.7662182,0.999969482421875,-0.79348004,0.051172316
1727681381.8003385,0.999969482421875,-0.73899764,0.054482374
1727681381.8331554,0.999969482421875,-0.6815099,0.057487715
1727681381.8663256,0.999969482421875,-0.6213817,0.060128197
1727681381.899414,0.999969482421875,-0.55903065,0.06235105
1727681381.9335365,0.999969482421875,-0.4949144,0.06411625
1727681381.9675026,0.999969482421875,-0.42951307,0.06540133
1727681382.000341,0.999969482421875,-0.3633081,0.06620497
1727681382.0338824,0.999969482421875,-0.29675955,0.06654855
1727681382.0679693,0.999969482421875,-0.23028404,0.06647551
1727681382.1023138,0.999969482421875,-0.16423532,0.066048704
1727681382.1364288,0.999969482421875,-0.098889306,0.06534602
1727681382.1699545,0.999969482421875,-0.034434125,0.06445518
1727681382.204054,0.999969482421875,0.029034339,0.06346846
1727681382.2377157,0.999969482421875,0.09151223,0.062477894
1727681382.270313,0.999969482421875,0.1530837,0.06157147
1727681382.3036509,0.999969482421875,0.21391416,0.060830463
1727681382.33619,0.999969482421875,0.27424192,0.060327783
1727681382.3697872,0.999969482421875,0.3343691,0.060127173
1727681382.4033864,0.999969482421875,0.394652,0.060282916
1727681382.4374654,0.999969482421875,0.45549172,0.06083971
