timestamp,action,position,velocity
1727681549.0340815,0.0,-0.49568838,0.03950462
1727681549.067134,0.0,-0.45639285,0.03929554
1727681549.100709,0.0,-0.41759795,0.0387949
1727681549.1343324,0.0,-0.37958473,0.038013227
1727681549.1681535,0.0,-0.34261832,0.036966413
1727681549.2023802,0.0,-0.30694354,0.035674773
1727681549.2354572,0.0,-0.27278167,0.034161877
1727681549.2689788,0.0,-0.24032837,0.032453302
1727681549.3032775,0.0,-0.20975296,0.030575413
1727681549.336544,0.0,-0.1811987,0.028554253
1727681549.3692667,0.0,-0.15478408,0.026414618
1727681549.4021628,0.0,-0.13060474,0.024179338
1727681549.436388,0.0,-0.10873595,0.021868793
1727681549.4692078,0.0,-0.08923531,0.019500632
1727681549.5023851,0.0,-0.07214563,0.017089682
1727681549.5356984,0.0,-0.057497624,0.01464801
1727681549.5686684,0.0,-0.045312513,0.01218511
1727681549.6032436,0.0,-0.03560434,0.009708173
1727681549.6375186,0.0,-0.02838192,0.0072224205
1727681549.6708403,0.0,-0.023650441,0.0047314772
1727681549.70441,0.0,-0.021412674,0.0022377672
1727681549.737373,0.0,-0.021669751,-0.0002570764
1727681549.7709568,0.0,-0.024421547,-0.0027517956
1727681549.8052115,0.10321044921875,-0.02951182,-0.0050902735
1727681549.8395498,0.388885498046875,-0.036508974,-0.0069971536
1727681549.873251,0.714263916015625,-0.04491975,-0.008410778
1727681549.9062839,0.928558349609375,-0.054415025,-0.009495275
1727681549.9403856,0.999969482421875,-0.06487711,-0.010462084
1727681549.9741411,0.999969482421875,-0.07629204,-0.011414927
1727681550.0076475,0.999969482421875,-0.088641815,-0.012349778
1727681550.040583,0.999969482421875,-0.10190377,-0.013261948
1727681550.0738482,0.642852783203125,-0.116585515,-0.014681752
1727681550.1075764,0.039703369140625,-0.13355635,-0.016970837
1727681550.1408894,0.0,-0.15282919,-0.019272838
1727681550.1744668,0.0,-0.17434382,-0.021514645
1727681550.2071152,0.0,-0.19802424,-0.023680417
1727681550.2405634,-0.0078125,-0.22378805,-0.025763806
1727681550.274397,-0.0625,-0.25160304,-0.02781499
1727681550.3085563,-0.3125,-0.2817078,-0.030104745
1727681550.342312,-0.6484375,-0.3144443,-0.0327365
1727681550.3761642,-0.921875,-0.35003135,-0.035587046
1727681550.409752,-1.0,-0.3883621,-0.03833077
1727681550.4438217,-1.0,-0.42917955,-0.04081745
1727681550.4779081,-1.0,-0.4721957,-0.04301616
1727681550.5118766,-1.0,-0.51709586,-0.04490016
1727681550.5452135,-1.0,-0.5635448,-0.046448927
1727681550.5781133,-1.0,-0.61119485,-0.04765005
1727681550.6111348,-1.0,-0.65969545,-0.048500616
1727681550.6443934,-1.0,-0.70870346,-0.049008016
1727681550.6774497,-0.7734375,-0.7575536,-0.048850145
1727681550.7103329,-0.3125,-0.8052584,-0.04770479
1727681550.743997,0.0,-0.8510933,-0.0458349
1727681550.7783446,0.0,-0.89484847,-0.043755203
1727681550.8109207,0.0,-0.9363603,-0.041511804
1727681550.8445683,0.0,-0.97550905,-0.03914874
1727681550.8776379,0.0,-1.0122154,-0.036706336
1727681550.9111483,0.0,-1.0464355,-0.034220092
1727681550.9444127,0.0,-1.0781555,-0.031720098
1727681550.9778583,0.0,-1.1073864,-0.029230872
1727681551.0116844,0.0,-1.1341579,-0.026771517
1727681551.0445917,0.0,-1.158514,-0.02435611
1727681551.077409,0.0,-1.1805083,-0.021994222
1727681551.1106265,0.0,-1.2,0.0
1727681551.144773,0.0,-1.1977582,0.0022418958
1727681551.178261,0.0,-1.193267,0.0044911816
1727681551.211829,0.11907958984375,-1.1863334,0.0069335843
1727681551.2462485,0.309539794921875,-1.1766502,0.009683251
1727681551.2802536,0.4603271484375,-1.1639626,0.012687572
1727681551.3142135,0.587310791015625,-1.1480459,0.015916716
1727681551.3480704,0.690460205078125,-1.128707,0.01933886
1727681551.3816962,0.83331298828125,-1.1056926,0.023014458
1727681551.4152584,0.952362060546875,-1.078788,0.026904605
1727681551.4490888,0.999969482421875,-1.0478947,0.03089334
1727681551.483214,0.999969482421875,-1.0130014,0.03489329
1727681551.5173366,0.999969482421875,-0.97412133,0.0388801
1727681551.5513618,0.999969482421875,-0.9313011,0.042820215
1727681551.5842214,0.999969482421875,-0.88463056,0.046670575
1727681551.617751,0.999969482421875,-0.8342515,0.05037906
1727681551.6513112,0.999969482421875,-0.7803655,0.05388599
1727681551.6847575,0.999969482421875,-0.7232387,0.05712682
1727681551.718851,0.999969482421875,-0.6632026,0.060036153
1727681551.7533016,0.999969482421875,-0.6006498,0.062552795
1727681551.7864294,0.999969482421875,-0.5360243,0.0646255
1727681551.8190625,0.999969482421875,-0.46980566,0.06621862
1727681551.8529453,0.999969482421875,-0.40248877,0.067316875
1727681551.8863845,0.999969482421875,-0.33456042,0.06792836
1727681551.9191992,0.999969482421875,-0.2664751,0.06808531
1727681551.9528668,0.999969482421875,-0.19863264,0.06784247
1727681551.9875133,0.999969482421875,-0.13135934,0.06727331
1727681552.0200074,0.999969482421875,-0.06489445,0.066464886
1727681552.0537508,0.999969482421875,0.0006176152,0.06551207
1727681552.0878239,0.999969482421875,0.065129645,0.06451203
1727681552.1213953,0.999969482421875,0.1286892,0.063559555
1727681552.1552823,0.999969482421875,0.19143271,0.062743515
1727681552.1879923,0.999969482421875,0.25357726,0.062144533
1727681552.221892,0.999969482421875,0.3154109,0.061833657
1727681552.2562382,0.999969482421875,0.37728268,0.061871752
1727681552.2896187,0.928558349609375,0.4394848,0.062202122
1727681552.3237953,0.682525634765625,0.5020865,0.06260173
