timestamp,action,position,velocity
1727681418.2801802,0.0,-1.0058591,0.0037108564
1727681418.3135548,0.0,-0.99966747,0.0061916565
1727681418.3461094,0.0,-0.9910012,0.008666284
1727681418.379833,0.0,-0.9798703,0.0111308405
1727681418.413413,0.0,-0.9662903,0.013580018
1727681418.4474432,0.0,-0.9502836,0.016006736
1727681418.481026,0.0,-0.9318818,0.018401815
1727681418.5145948,0.0,-0.9111281,0.020753702
1727681418.5477753,0.0,-0.8880798,0.023048285
1727681418.581592,0.0,-0.862811,0.025268821
1727681418.6147177,0.0,-0.83541507,0.027395993
1727681418.6474397,0.0,-0.8060069,0.029408157
1727681418.6816742,0.0,-0.77472514,0.03128177
1727681418.714403,0.0,-0.7417331,0.03299204
1727681418.7474985,0.0,-0.7072193,0.034513753
1727681418.7803159,0.0,-0.671397,0.035822306
1727681418.8144758,0.0,-0.6345022,0.036894828
1727681418.848501,0.0,-0.59679085,0.03771134
1727681418.8814003,0.0,-0.558535,0.03825588
1727681418.9150393,0.0,-0.52001756,0.038517423
1727681418.9485593,0.0,-0.481527,0.038490564
1727681418.9813983,0.0,-0.44335115,0.038175862
1727681419.0154288,0.0,-0.40577134,0.0375798
1727681419.0490642,0.0,-0.36905697,0.036714382
1727681419.0823627,0.0,-0.33346057,0.035596397
1727681419.116403,0.0,-0.29921412,0.034246445
1727681419.1503093,0.0,-0.2665263,0.032687806
1727681419.1837564,0.0,-0.23558103,0.030945284
1727681419.2171419,0.0,-0.20653695,0.029044082
1727681419.2512333,0.0,-0.17952813,0.02700882
1727681419.2839057,0.0,-0.1546654,0.02486273
1727681419.317539,0.09527587890625,-0.13189542,0.022769967
1727681419.3500423,0.412689208984375,-0.11081325,0.02108217
1727681419.3834076,0.77777099609375,-0.09092755,0.019885704
1727681419.4173684,0.984100341796875,-0.07197326,0.018954292
1727681419.4514048,0.999969482421875,-0.05396096,0.018012296
1727681419.4843616,0.999969482421875,-0.036916025,0.017044937
1727681419.5180972,0.999969482421875,-0.020855818,0.016060207
1727681419.5523813,0.999969482421875,-0.005790765,0.0150650535
1727681419.584924,0.999969482421875,0.00827462,0.014065385
1727681419.6190066,0.999969482421875,0.02134073,0.013066109
1727681419.6534572,0.999969482421875,0.033411916,0.012071186
1727681419.6870418,0.999969482421875,0.044495605,0.011083689
1727681419.720733,0.999969482421875,0.054601487,0.010105883
1727681419.7540994,0.999969482421875,0.06374079,0.009139302
1727681419.78719,0.999969482421875,0.07192562,0.008184825
1727681419.8213503,0.999969482421875,0.07916837,0.007242753
1727681419.854357,0.999969482421875,0.085481256,0.006312887
1727681419.8884568,0.999969482421875,0.09087585,0.005394596
1727681419.9220204,0.999969482421875,0.09536273,0.0044868835
1727681419.9563975,0.999969482421875,0.09895118,0.00358845
1727681419.9900053,0.999969482421875,0.101648934,0.0026977502
1727681420.024079,0.999969482421875,0.10346198,0.0018130471
1727681420.0580835,0.999969482421875,0.10439444,0.00093246193
1727681420.0918643,0.999969482421875,0.10444847,5.4022046e-05
1727681420.1261833,0.999969482421875,0.10362417,-0.000824293
1727681420.1595397,0.999969482421875,0.101919666,-0.0017045063
1727681420.1920142,0.999969482421875,0.099331066,-0.002588599
1727681420.2254214,0.999969482421875,0.0958526,-0.0034784637
1727681420.2591932,0.999969482421875,0.09147674,-0.0043758578
1727681420.2927132,0.999969482421875,0.08619439,-0.005282353
1727681420.3264241,0.999969482421875,0.0799951,-0.006199282
1727681420.3595119,0.999969482421875,0.07286742,-0.0071276817
1727681420.3921897,0.999969482421875,0.06479919,-0.008068231
1727681420.4260235,0.928558349609375,0.055670887,-0.009128304
1727681420.4601753,0.75396728515625,0.04520832,-0.010462568
1727681420.4940636,0.53173828125,0.033066317,-0.0121420035
1727681420.5274782,0.15081787109375,0.01866283,-0.014403487
1727681420.5615947,0.0,0.0017632615,-0.016899569
1727681420.5947692,0.0,-0.017636273,-0.019399535
1727681420.629907,0.0,-0.03953231,-0.021896036
1727681420.66359,0.0,-0.06391079,-0.024378475
1727681420.696432,0.0,-0.09074345,-0.026832664
1727681420.7297614,0.0,-0.11998405,-0.029240599
1727681420.7623749,0.0,-0.15156443,-0.031580385
1727681420.7964275,0.0,-0.18539082,-0.033826374
1727681420.829894,0.0,-0.22134039,-0.03594958
1727681420.8633556,-0.0234375,-0.2592939,-0.037953537
1727681420.896091,-0.0859375,-0.29915735,-0.03986345
1727681420.929885,-0.1640625,-0.34082586,-0.041668512
1727681420.963442,-0.1875,-0.38407874,-0.043252897
1727681420.9963918,-0.21875,-0.4286759,-0.044597134
1727681421.0299404,-0.25,-0.47435036,-0.045674473
1727681421.0634532,-0.265625,-0.5207913,-0.046440933
1727681421.09635,-0.2890625,-0.56768686,-0.046895582
1727681421.130065,-0.3671875,-0.6148035,-0.047116667
1727681421.1640124,-0.484375,-0.6619712,-0.047167696
1727681421.1974044,-0.546875,-0.708951,-0.046979766
1727681421.230708,-0.5546875,-0.7554432,-0.046492197
1727681421.2632844,-0.5546875,-0.80116546,-0.04572224
1727681421.2961495,-0.5546875,-0.8458704,-0.04470489
1727681421.330497,-0.5546875,-0.8893496,-0.04347922
1727681421.3637836,-0.5546875,-0.93143594,-0.042086355
1727681421.397346,-0.359375,-0.9717106,-0.04027467
1727681421.4305432,-0.1171875,-1.0097249,-0.03801428
1727681421.4641967,-0.046875,-1.0453253,-0.035600375
1727681421.498058,-0.0390625,-1.0784843,-0.03315901
1727681421.530407,-0.03125,-1.1092012,-0.030716889
1727681421.5635095,-0.03125,-1.137508,-0.028306888
1727681421.5971556,-0.015625,-1.1634295,-0.025921522
1727681421.6308339,0.0,-1.1870015,-0.023571974
1727681421.663769,0.0,-1.2,0.0
1727681421.6975405,0.0,-1.1977582,0.0022418958
1727681421.7305422,0.0,-1.193267,0.0044911816
1727681421.7635598,0.0,-1.186512,0.006754965
1727681421.7961116,0.0,-1.1774722,0.009039779
1727681421.8298204,0.0,-1.166121,0.011351268
1727681421.8640826,0.0,-1.1524272,0.013693842
1727681421.897908,0.0,-1.136357,0.016070299
1727681421.931135,0.0,-1.1178756,0.0184814
1727681421.965144,0.047637939453125,-1.0968786,0.020996869
1727681421.999281,0.19842529296875,-1.0731119,0.023766791
1727681422.033026,0.420654296875,-1.0462216,0.026890222
1727681422.0674427,0.579345703125,-1.0159624,0.03025923
1727681422.1014786,0.78570556640625,-0.9820355,0.03392682
1727681422.1343544,0.928558349609375,-0.94426346,0.03777204
1727681422.167536,0.992034912109375,-0.9026216,0.04164184
1727681422.200097,0.999969482421875,-0.8572113,0.045410305
1727681422.2332835,0.999969482421875,-0.80819625,0.049015068
1727681422.2672198,0.999969482421875,-0.7557968,0.052399468
1727681422.3007627,0.999969482421875,-0.70029336,0.055503443
1727681422.3345373,0.999969482421875,-0.64202595,0.05826741
1727681422.3677907,0.999969482421875,-0.58138895,0.060637
1727681422.4019458,0.999969482421875,-0.51882076,0.06256821
1727681422.4361646,0.999969482421875,-0.45478845,0.06403233
1727681422.4694214,0.999969482421875,-0.38976857,0.06501987
1727681422.5030892,0.999969482421875,-0.32422572,0.06554285
1727681422.5373347,0.999969482421875,-0.25859064,0.06563508
1727681422.570717,0.999969482421875,-0.19324031,0.06535033
1727681422.6042318,0.999969482421875,-0.12848157,0.06475875
1727681422.6383734,0.999969482421875,-0.06453944,0.06394213
1727681422.67241,0.999969482421875,-0.001550645,0.062988795
1727681422.7049787,0.999969482421875,0.06043813,0.06198878
1727681422.7383926,0.999969482421875,0.12146784,0.061029714
1727681422.7709563,0.999969482421875,0.18166167,0.060193826
1727681422.805114,0.999969482421875,0.24121761,0.05955594
1727681422.8386357,0.999969482421875,0.30040002,0.059182413
1727681422.871921,0.999969482421875,0.35953072,0.059130695
1727681422.9063382,0.999969482421875,0.41897994,0.059449226
1727681422.9397643,0.999969482421875,0.4791573,0.060177356
