timestamp,action,position,velocity
1727832775.5581698,0.0,-0.5876151,0.048010908
1727832775.592102,0.0,-0.539127,0.048488084
1727832775.6256542,0.0,-0.49052247,0.048604503
1727832775.6590564,0.0,-0.44216564,0.04835684
1727832775.6919024,0.0,-0.3944135,0.047752146
1727832775.7262986,0.0,-0.34760618,0.04680733
1727832775.7588854,0.0,-0.3020583,0.04554786
1727832775.7927427,0.0,-0.25805235,0.04400596
1727832775.8275313,0.0,-0.21583392,0.042218436
1727832775.8611376,0.0,-0.17560947,0.04022445
1727832775.8941557,0.0,-0.13754603,0.038063437
1727832775.9282017,0.0,-0.10177276,0.03577327
1727832775.9620183,0.0,-0.06838387,0.03338889
1727832775.995565,0.0,-0.037442558,0.030941315
1727832776.0281172,0.0,-0.008985487,0.02845707
1727832776.0611825,0.0,0.016972492,0.025957977
1727832776.0944517,0.0,0.04043371,0.023461217
1727832776.1277723,0.0,0.061413296,0.020979587
1727832776.1618912,0.0,0.07993519,0.018521897
1727832776.1954737,0.0,0.09602863,0.016093437
1727832776.2279453,0.0,0.109725095,0.013696463
1727832776.2611775,0.0,0.12105578,0.011330689
1727832776.294587,0.0,0.13004953,0.008993749
1727832776.3278809,0.0,0.13673115,0.0066816173
1727832776.362124,0.0,0.14112015,0.004389008
1727832776.3967688,0.19842529296875,0.14352751,0.0024073622
1727832776.4299202,0.76190185546875,0.14480592,0.0012784081
1727832776.4640942,0.992034912109375,0.14530459,0.00049867237
1727832776.4975748,0.999969482421875,0.14503701,-0.0002675849
1727832776.5308168,0.999969482421875,0.14400232,-0.0010346888
1727832776.5640826,0.999969482421875,0.14219727,-0.0018050527
1727832776.597846,0.999969482421875,0.13961622,-0.0025810516
1727832776.632112,0.999969482421875,0.13625123,-0.0033649919
1727832776.6656544,0.999969482421875,0.13209215,-0.00415908
1727832776.6991632,0.920623779296875,0.12700774,-0.0050844057
1727832776.7328765,0.452392578125,0.12028121,-0.0067265285
1727832776.7668214,0.09527587890625,0.1113586,-0.008922613
1727832776.8000624,0.0,0.1000742,-0.011284398
1727832776.8334897,0.0,0.08640163,-0.013672574
1727832776.8670726,0.0,0.07031257,-0.01608906
1727832776.9000154,0.0,0.05177892,-0.018533647
1727832776.9336095,0.0,0.030775374,-0.021003546
1727832776.9677951,0.0,0.007282475,-0.023492899
1727832777.0018876,0.0,-0.018709827,-0.025992302
1727832777.0355341,0.0,-0.04719819,-0.028488366
1727832777.069787,0.0,-0.07816154,-0.030963346
1727832777.104162,0.0,-0.11155647,-0.033394933
1727832777.1376662,0.0,-0.1473127,-0.03575623
1727832777.1721141,0.0,-0.18532874,-0.03801604
1727832777.2058635,0.0,-0.22546823,-0.040139493
1727832777.239181,0.0,-0.2675573,-0.042089064
1727832777.272539,0.0,-0.31138334,-0.043826032
1727832777.3053005,0.0,-0.35669562,-0.04531229
1727832777.3384182,0.0,-0.40320802,-0.04651241
1727832777.3710237,0.0,-0.45060384,-0.047395837
1727832777.4046323,-0.0078125,-0.4985545,-0.04795065
1727832777.4378047,-0.1171875,-0.54686856,-0.048314087
1727832777.4711227,-0.359375,-0.5955473,-0.048678767
1727832777.5039833,-0.625,-0.64462817,-0.049080834
1727832777.5372465,-0.734375,-0.69392264,-0.04929449
1727832777.5715013,-0.7578125,-0.7431313,-0.04920865
1727832777.604512,-0.7578125,-0.79194665,-0.048815347
1727832777.63729,-0.6640625,-0.8399559,-0.048009288
1727832777.6714876,-0.515625,-0.8867065,-0.046750538
1727832777.7039511,-0.390625,-0.9318272,-0.04512069
1727832777.7381067,-0.25,-0.9749711,-0.043143943
1727832777.7711205,-0.1875,-1.0159547,-0.04098365
1727832777.8038437,-0.140625,-1.0546603,-0.03870556
1727832777.8385217,-0.0703125,-1.090972,-0.036311656
1727832777.8721375,0.0,-1.1248051,-0.033833183
1727832777.905926,0.0,-1.1562058,-0.031400636
1727832777.9407995,0.0,-1.185239,-0.02903313
1727832777.973862,0.0,-1.2,0.0
1727832778.0079272,0.0,-1.1977582,0.0022418958
1727832778.0423543,0.0,-1.193267,0.0044911816
1727832778.076349,0.0,-1.186512,0.006754965
1727832778.1099865,0.0,-1.1774722,0.009039779
1727832778.1435776,0.0,-1.166121,0.011351268
1727832778.1781108,0.0,-1.1524272,0.013693842
1727832778.2119455,0.0,-1.136357,0.016070299
1727832778.2455764,0.0,-1.1178756,0.0184814
1727832778.277743,0.0,-1.0969502,0.020925412
1727832778.3115695,0.015899658203125,-1.0735288,0.023421466
1727832778.3447845,0.14288330078125,-1.0474007,0.026127996
1727832778.3788793,0.373016357421875,-1.0182132,0.02918752
1727832778.4129002,0.658721923828125,-0.985547,0.032666158
1727832778.4460394,0.84918212890625,-0.9491497,0.036397293
1727832778.4803097,0.976165771484375,-0.90889555,0.04025417
1727832778.514475,0.999969482421875,-0.86485356,0.044042006
1727832778.5471516,0.999969482421875,-0.8171764,0.04767714
1727832778.5802503,0.999969482421875,-0.7660713,0.051105108
1727832778.6138098,0.999969482421875,-0.7118039,0.05426742
1727832778.648423,0.999969482421875,-0.6546988,0.0571051
1727832778.6819448,0.999969482421875,-0.5951356,0.059563152
1727832778.7153628,0.999969482421875,-0.5335401,0.061595526
1727832778.7480972,0.999969482421875,-0.4703701,0.06317003
1727832778.7819223,0.999969482421875,-0.40609765,0.06427246
1727832778.8160453,0.999969482421875,-0.34118834,0.064909294
1727832778.849849,0.999969482421875,-0.2760799,0.06510843
1727832778.8831968,0.999969482421875,-0.21116194,0.06491795
1727832778.9172003,0.999969482421875,-0.14675896,0.06440298
1727832778.949717,0.999969482421875,-0.083117604,0.063641354
1727832778.9840393,0.999969482421875,-0.020398976,0.06271863
1727832779.0177395,0.999969482421875,0.041324288,0.061723262
1727832779.0512116,0.999969482421875,0.10206669,0.060742404
1727832779.0851185,0.999969482421875,0.16192533,0.059858643
1727832779.118605,0.999969482421875,0.22107315,0.059147816
1727832779.1526484,0.999969482421875,0.27975088,0.058677733
1727832779.18685,0.999969482421875,0.33825853,0.05850764
1727832779.2206953,0.999969482421875,0.3969466,0.058688067
1727832779.2548728,0.999969482421875,0.45620742,0.05926082
