timestamp,action,position,velocity
1727673156.435227,0.0,-0.5528413,0.0002206864
1727673156.468104,0.0,-0.5524016,0.00043972416
1727673156.501738,0.0,-0.55174613,0.00065547664
1727673156.5354693,0.0,-0.5508798,0.000866331
1727673156.5685842,0.0,-0.54980904,0.0010707101
1727673156.6020823,0.0,-0.54854196,0.0012670846
1727673156.6358213,0.0,-0.54708797,0.001453984
1727673156.670384,0.0,-0.54545796,0.0016300072
1727673156.7032492,0.0,-0.5436641,0.0017938336
1727673156.735929,0.0,-0.54171985,0.0019442326
1727673156.7698753,0.0,-0.5396398,0.0020800738
1727673156.8035154,0.0,-0.53743947,0.0022003348
1727673156.8362935,0.0,-0.5351353,0.0023041102
1727673156.86975,0.0,-0.5327447,0.002390617
1727673156.9034169,0.0,-0.5302855,0.002459203
1727673156.936864,0.0,-0.5277761,0.0025093497
1727673156.9705565,0.0,-0.5252354,0.002540679
1727673157.004113,0.0,-0.5226825,0.0025529538
1727673157.0383477,0.0,-0.5201364,0.0025460816
1727673157.07162,0.17462158203125,-0.51735437,0.0027820468
1727673157.1053345,0.484130859375,-0.51389295,0.0034614129
1727673157.1394646,0.78570556640625,-0.50932574,0.0045671877
1727673157.1728523,0.944427490234375,-0.5034489,0.005876814
1727673157.2069106,0.999969482421875,-0.49622318,0.007225736
1727673157.2404685,0.999969482421875,-0.48770258,0.008520604
1727673157.2740455,0.999969482421875,-0.47795072,0.009751857
1727673157.3081465,0.999969482421875,-0.4670402,0.01091052
1727673157.3415844,0.999969482421875,-0.4550519,0.011988318
1727673157.3751717,0.999969482421875,-0.44207412,0.012977786
1727673157.409194,0.999969482421875,-0.42820174,0.013872383
1727673157.4432945,0.999969482421875,-0.41353515,0.014666586
1727673157.4772186,0.999969482421875,-0.39817917,0.015355981
1727673157.5105124,0.999969482421875,-0.38224185,0.015937326
1727673157.5434587,0.999969482421875,-0.36583325,0.016408596
1727673157.5765617,0.999969482421875,-0.34906426,0.016768994
1727673157.6103995,0.999969482421875,-0.33204532,0.017018938
1727673157.6435966,0.999969482421875,-0.3148853,0.017160019
1727673157.677581,0.89678955078125,-0.29784513,0.017040148
1727673157.7115421,0.603179931640625,-0.28146687,0.016378267
1727673157.7454011,0.4365234375,-0.26609427,0.015372603
1727673157.7788446,0.349212646484375,-0.2519427,0.014151579
1727673157.812415,0.18255615234375,-0.23933654,0.012606153
1727673157.8454795,0.039703369140625,-0.22855362,0.010782917
1727673157.8784237,0.0,-0.2197057,0.008847916
1727673157.9121642,0.0,-0.21283412,0.0068715825
1727673157.9454527,0.0,-0.20797001,0.004864109
1727673157.9791746,0.0,-0.2051349,0.0028351082
1727673158.013381,0.0,-0.20434114,0.0007937585
1727673158.0468717,0.0,-0.20559217,-0.0012510221
1727673158.0800033,0.0,-0.20888256,-0.0032903901
1727673158.1132832,0.0,-0.21419793,-0.0053153853
1727673158.1474373,0.0,-0.22151467,-0.0073167454
1727673158.1805549,0.0,-0.2307994,-0.00928474
1727673158.2130823,0.0,-0.24200843,-0.011209033
1727673158.2465343,0.0,-0.25508702,-0.013078582
1727673158.279245,0.0,-0.2699686,-0.014881586
1727673158.3119147,0.0,-0.2865741,-0.016605502
1727673158.3456843,-0.0078125,-0.30482292,-0.018248841
1727673158.3796842,-0.078125,-0.32471448,-0.019891558
1727673158.4134414,-0.25,-0.34638572,-0.02167125
1727673158.4458103,-0.4921875,-0.37006262,-0.023676898
1727673158.479866,-0.640625,-0.39581168,-0.025749069
1727673158.5133796,-0.7265625,-0.42358568,-0.027774012
1727673158.5475066,-0.75,-0.4532236,-0.029637907
1727673158.5813227,-0.7578125,-0.4845221,-0.031298526
1727673158.6155367,-0.7578125,-0.51724976,-0.032727648
1727673158.6483254,-0.7578125,-0.55116177,-0.03391198
1727673158.681615,-0.765625,-0.5860157,-0.03485393
1727673158.7152443,-0.765625,-0.62155265,-0.035536975
1727673158.7491732,-0.765625,-0.6575139,-0.035961285
1727673158.7832904,-0.6015625,-0.69339997,-0.035886064
1727673158.8161318,-0.4921875,-0.7288052,-0.035405204
1727673158.8503563,-0.4609375,-0.76345813,-0.03465295
1727673158.884247,-0.4609375,-0.79715484,-0.033696685
1727673158.917242,-0.4609375,-0.82971394,-0.032559086
1727673158.9504323,-0.4453125,-0.8609545,-0.031240558
1727673158.9834268,-0.4296875,-0.8907198,-0.029765265
1727673159.016587,-0.375,-0.918818,-0.028098203
1727673159.0511613,-0.2734375,-0.94500947,-0.026191493
1727673159.0851111,-0.1171875,-0.9689933,-0.023983834
1727673159.1182692,-0.03125,-0.9905925,-0.021599198
1727673159.151854,0.0,-1.0097276,-0.019135159
1727673159.1855137,0.0,-1.0263785,-0.016650937
1727673159.2178404,0.0,-1.0405344,-0.014155812
1727673159.2518096,0.0,-1.0521907,-0.011656311
1727673159.28537,0.0,-1.0613472,-0.009156592
1727673159.3191855,0.0,-1.068006,-0.006658844
1727673159.352684,0.0,-1.0721698,-0.0041637137
1727673159.3861861,0.0,-1.0738405,-0.001670726
1727673159.4199078,0.0,-1.0730191,0.00082129246
1727673159.4544935,0.0,-1.0697054,0.0033137952
1727673159.4867501,0.0,-1.0638973,0.0058080982
1727673159.5199537,0.0,-1.0555923,0.008304962
1727673159.5535123,0.0,-1.0447881,0.010804169
1727673159.586078,0.0,-1.031484,0.013304103
1727673159.6198876,0.0,-1.0156827,0.015801325
1727673159.6541154,0.0,-0.99739254,0.01829016
1727673159.6871898,0.007965087890625,-0.9766183,0.020774255
1727673159.720618,0.079376220703125,-0.9532808,0.023337487
1727673159.754186,0.16668701171875,-0.92729187,0.025988944
1727673159.7876174,0.23016357421875,-0.8986177,0.02867418
1727673159.8214538,0.309539794921875,-0.86722344,0.03139422
1727673159.8545582,0.412689208984375,-0.8330658,0.034157626
1727673159.88722,0.4761962890625,-0.7961922,0.03687358
1727673159.920228,0.53173828125,-0.75669694,0.03949526
1727673159.9536774,0.5634765625,-0.71474725,0.04194967
1727673159.987463,0.603179931640625,-0.67053646,0.044210766
1727673160.0206597,0.650787353515625,-0.62428284,0.046253633
1727673160.0552385,0.722198486328125,-0.5762022,0.04808063
1727673160.0887463,0.730133056640625,-0.5266335,0.04956872
1727673160.122098,0.738067626953125,-0.47593492,0.050698582
1727673160.1555624,0.738067626953125,-0.4244855,0.05144942
1727673160.1880183,0.738067626953125,-0.3726614,0.051824078
1727673160.2214906,0.738067626953125,-0.32082397,0.05183744
1727673160.2553782,0.738067626953125,-0.26930815,0.05151581
1727673160.2882957,0.738067626953125,-0.21841274,0.05089541
1727673160.3220477,0.738067626953125,-0.16839248,0.050020255
1727673160.3551397,0.738067626953125,-0.11945284,0.048939634
1727673160.3884954,0.738067626953125,-0.07174729,0.04770555
1727673160.4216535,0.738067626953125,-0.02537695,0.04637034
1727673160.4553425,0.738067626953125,0.019607732,0.04498468
1727673160.4876864,0.738067626953125,0.063203834,0.043596104
1727673160.5216465,0.738067626953125,0.105451845,0.04224801
1727673160.5560946,0.738067626953125,0.14643101,0.040979173
1727673160.589178,0.738067626953125,0.18625465,0.039823644
1727673160.6229084,0.738067626953125,0.22506562,0.03881097
1727673160.6564333,0.738067626953125,0.26303223,0.03796661
1727673160.689525,0.738067626953125,0.30034474,0.037312493
1727673160.7219539,0.738067626953125,0.33721232,0.036867596
1727673160.7555265,0.626983642578125,0.3736942,0.036481887
1727673160.7880745,0.5634765625,0.40993455,0.03624033
1727673160.821567,0.412689208984375,0.44595787,0.036023308
1727673160.8541489,0.14288330078125,0.48161843,0.035660576
