timestamp,action,position,velocity
1727673178.7145746,0.0,-0.5599051,0.00027380054
1727673178.7410693,0.0,-0.55935955,0.00054556
1727673178.775179,0.0,-0.5585463,0.0008132516
1727673178.8087363,0.0,-0.55747145,0.0010748781
1727673178.8422804,0.0,-0.556143,0.0013284863
1727673178.8763614,0.0,-0.5545708,0.0015721802
1727673178.9097412,0.0,-0.5527667,0.0018041362
1727673178.9434032,0.0,-0.55074406,0.0020226163
1727673178.9760854,0.0,-0.54851806,0.002225981
1727673179.009418,0.0,-0.5461054,0.0024127017
1727673179.043492,0.0,-0.543524,0.002581373
1727673179.0765173,0.0,-0.5407933,0.0027307235
1727673179.1104605,-0.0078125,-0.5379454,0.0028479064
1727673179.1443684,-0.046875,-0.5350602,0.0028851603
1727673179.177519,-0.1328125,-0.5322883,0.0027718854
1727673179.2098005,-0.1875,-0.5297325,0.0025557994
1727673179.2433662,-0.1875,-0.527412,0.00232055
1727673179.2761765,-0.1171875,-0.52523863,0.0021733672
1727673179.3101928,-0.0078125,-0.5230647,0.0021739474
1727673179.3438315,0.0,-0.5208947,0.0021699416
1727673179.3772426,0.10321044921875,-0.5185902,0.002304477
1727673179.4113345,0.396820068359375,-0.51572806,0.0028621443
1727673179.4444199,0.706329345703125,-0.51186544,0.0038626133
1727673179.4782262,0.952362060546875,-0.50666225,0.0052031744
1727673179.512309,0.999969482421875,-0.50008607,0.0065761595
1727673179.5459523,0.999969482421875,-0.49218616,0.007899915
1727673179.5798857,0.999969482421875,-0.48302153,0.009164623
1727673179.6134758,0.999969482421875,-0.47266054,0.010360999
1727673179.6463017,0.999969482421875,-0.46118015,0.011480401
1727673179.6794617,0.999969482421875,-0.4486652,0.012514947
1727673179.7133362,0.999969482421875,-0.43520758,0.0134576205
1727673179.747244,0.999969482421875,-0.4209052,0.014302383
1727673179.7803438,0.999969482421875,-0.40586093,0.015044262
1727673179.8140235,0.999969482421875,-0.3901815,0.015679428
1727673179.8477025,0.999969482421875,-0.37397626,0.016205257
1727673179.8808718,0.999969482421875,-0.35735592,0.016620347
1727673179.9154282,0.999969482421875,-0.3404314,0.016924528
1727673179.9491434,0.999969482421875,-0.32331258,0.017118827
1727673179.9827456,0.999969482421875,-0.30610716,0.017205404
1727673180.0169683,0.746002197265625,-0.28930065,0.01680652
1727673180.0500734,0.420654296875,-0.27347922,0.01582143
1727673180.0844283,0.08734130859375,-0.25923154,0.01424769
1727673180.1173697,0.0,-0.24676518,0.012466358
1727673180.1504498,0.0,-0.2361445,0.010620685
1727673180.1835902,0.0,-0.22742227,0.00872223
1727673180.2171383,0.0,-0.2206404,0.0067818663
1727673180.250946,0.0,-0.21583056,0.004809834
1727673180.2856572,0.0,-0.21301472,0.0028158359
1727673180.319365,0.0,-0.21220554,0.00080917036
1727673180.3525934,0.0,-0.21340665,-0.0012011089
1727673180.3863645,0.0,-0.21661267,-0.0032060198
1727673180.4192407,0.0,-0.22180913,-0.0051964745
1727673180.4533505,0.0,-0.22897224,-0.007163107
1727673180.4860706,0.0,-0.23806836,-0.00909612
1727673180.5199115,0.0,-0.24905351,-0.010985155
1727673180.5537403,0.0,-0.2618727,-0.012819208
1727673180.5878596,0.0,-0.2764593,-0.0145865865
1727673180.6223443,0.0,-0.29273424,-0.016274923
1727673180.6560798,0.0,-0.3106055,-0.017871263
1727673180.6896582,0.0,-0.3299677,-0.019362204
1727673180.7231293,0.0,-0.35070184,-0.020734131
1727673180.7572274,0.0,-0.37267533,-0.02197349
1727673180.7908857,0.0,-0.39574248,-0.023067137
1727673180.825305,0.0,-0.4197452,-0.024002718
1727673180.8593054,-0.015625,-0.44453773,-0.024792517
1727673180.892704,-0.1015625,-0.47007,-0.025532274
1727673180.9264817,-0.3359375,-0.49650592,-0.026435923
1727673180.9595606,-0.5078125,-0.5239065,-0.027400615
1727673180.992336,-0.6328125,-0.5522541,-0.028347526
1727673181.0253587,-0.6875,-0.5814182,-0.029164126
1727673181.0580528,-0.6875,-0.6111821,-0.029763902
1727673181.0918746,-0.5078125,-0.6410584,-0.029876277
1727673181.1254444,-0.3203125,-0.6705523,-0.029493917
1727673181.1594048,-0.265625,-0.6993779,-0.028825559
1727673181.1931436,-0.1796875,-0.7272149,-0.027837005
1727673181.226912,-0.0703125,-0.75372344,-0.026508566
1727673181.2606192,0.0,-0.77864,-0.024916502
1727673181.2943857,0.0,-0.8018249,-0.023184936
1727673181.327566,0.0,-0.8231572,-0.021332234
1727673181.360516,0.0,-0.8425332,-0.019375978
1727673181.393611,0.0,-0.8598658,-0.017332593
1727673181.4274843,0.0,-0.8750829,-0.015217109
1727673181.459781,0.0,-0.88812596,-0.013043034
1727673181.4940333,0.0,-0.8989483,-0.01082234
1727673181.527527,0.0,-0.90751386,-0.008565542
1727673181.560274,0.0,-0.9137957,-0.0062818537
1727673181.5940602,0.0,-0.9177751,-0.003979401
1727673181.627609,0.0,-0.91944057,-0.0016654852
1727673181.661607,0.0,-0.9187874,0.0006531308
1727673181.69568,0.0,-0.9158175,0.0029699106
1727673181.7292993,0.0,-0.91053927,0.0052782283
1727673181.7629383,0.0,-0.9029682,0.0075710556
1727673181.7970777,0.0,-0.89312756,0.009840661
1727673181.8303034,0.0,-0.8810492,0.012078334
1727673181.864421,0.0,-0.86677504,0.014274151
1727673181.8972273,0.0,-0.85035825,0.016416792
1727673181.9308043,0.0,-0.83186483,0.018493423
1727673181.9652622,0.039703369140625,-0.8113156,0.020549227
1727673181.9993708,0.12701416015625,-0.7886761,0.022639483
1727673182.033223,0.269866943359375,-0.76384676,0.024829349
1727673182.0673416,0.412689208984375,-0.7367485,0.027098242
1727673182.099781,0.587310791015625,-0.7072774,0.029471092
1727673182.1334085,0.79364013671875,-0.6753069,0.03197048
1727673182.1661322,0.952362060546875,-0.64080894,0.034497958
1727673182.2001688,0.999969482421875,-0.60394996,0.036858983
1727673182.2342954,0.999969482421875,-0.5649942,0.03895575
1727673182.2676003,0.999969482421875,-0.5242289,0.040765375
1727673182.301717,0.999969482421875,-0.4819588,0.042270053
1727673182.3356457,0.999969482421875,-0.4385003,0.043458518
1727673182.3692765,0.999969482421875,-0.39417315,0.044327144
1727673182.4030814,0.999969482421875,-0.34929255,0.044880614
1727673182.436825,0.999969482421875,-0.3041605,0.04513204
1727673182.4702935,0.999969482421875,-0.25905797,0.045102533
1727673182.5037029,0.999969482421875,-0.21423773,0.04482024
1727673182.5380485,0.999969482421875,-0.16991872,0.044319015
1727673182.5716398,0.999969482421875,-0.1262819,0.04363681
1727673182.6054676,0.999969482421875,-0.08346787,0.042814035
1727673182.6382787,0.999969482421875,-0.041575912,0.04189196
1727673182.672272,0.999969482421875,-0.0006645785,0.040911335
1727673182.7056475,0.999969482421875,0.039246716,0.039911296
1727673182.7392008,0.999969482421875,0.07817528,0.038928557
1727673182.7725105,0.999969482421875,0.116172224,0.03799695
1727673182.8059552,0.999969482421875,0.15331943,0.037147205
1727673182.840101,0.999969482421875,0.18972641,0.036406983
1727673182.8741097,0.999969482421875,0.2255275,0.03580108
1727673182.9074273,0.999969482421875,0.26087925,0.035351742
1727673182.9404352,0.999969482421875,0.2959583,0.035079055
1727673182.973944,0.999969482421875,0.33095968,0.035001352
1727673183.0076616,0.999969482421875,0.36609527,0.035135604
1727673183.0412505,0.999969482421875,0.40159303,0.03549775
1727673183.0744324,0.999969482421875,0.43769598,0.036102958
1727673183.106669,0.999969482421875,0.47466174,0.03696575
