timestamp,action,position,velocity
1727831132.6360033,0.0,-0.53601056,9.376966e-05
1727831132.6707172,0.0,-0.5358237,0.00018683657
1727831132.7039623,0.0,-0.5355452,0.00027850296
1727831132.7371302,0.0,-0.5351771,0.00036808173
1727831132.7710931,0.0,-0.5347222,0.0004549018
1727831132.805254,0.0,-0.5341839,0.0005383121
1727831132.8391354,0.0,-0.53356624,0.0006176873
1727831132.8721416,0.0,-0.5328738,0.0006924321
1727831132.904959,0.0,-0.5321118,0.0007619859
1727831132.938323,0.0,-0.531286,0.00082582684
1727831132.9710913,0.0,-0.53040254,0.00088347594
1727831133.0042372,0.0,-0.52946806,0.00093450065
1727831133.0378215,0.0,-0.52848953,0.000978518
1727831133.0716507,0.0,-0.52747434,0.0010151974
1727831133.1062121,0.0,-0.5264301,0.0010442635
1727831133.1399572,0.0,-0.5253646,0.001065498
1727831133.1734064,0.0,-0.52428585,0.0010787414
1727831133.206413,0.0,-0.52320194,0.0010838945
1727831133.2399838,0.0,-0.522121,0.0010809182
1727831133.2740824,0.0,-0.52105117,0.001069835
1727831133.3081636,0.0,-0.52000046,0.0010507281
1727831133.3421092,0.0,-0.5189767,0.0010237413
1727831133.3758266,0.0,-0.5179876,0.0009890768
1727831133.4100852,0.0,-0.5170406,0.00094699505
1727831133.4431264,0.0,-0.5161428,0.00089781196
1727831133.4763758,0.0,-0.51530087,0.0008418967
1727831133.5100532,0.0,-0.5145212,0.0007796688
1727831133.5432343,0.20635986328125,-0.51350003,0.001021135
1727831133.5768204,0.53173828125,-0.511757,0.0017430135
1727831133.6114967,0.76190185546875,-0.50895995,0.0027970718
1727831133.644718,0.91265869140625,-0.5049037,0.0040563038
1727831133.6789882,0.992034912109375,-0.49949947,0.0054042162
1727831133.7118447,0.999969482421875,-0.4927759,0.006723583
1727831133.7460923,0.999969482421875,-0.4847832,0.007992695
1727831133.7791986,0.999969482421875,-0.47558102,0.00920219
1727831133.8118875,0.999969482421875,-0.46523777,0.0103432555
1727831133.8455539,0.999969482421875,-0.45383003,0.011407735
1727831133.8782115,0.999969482421875,-0.4414418,0.012388236
1727831133.9123616,0.999969482421875,-0.42816356,0.013278233
1727831133.9456916,0.999969482421875,-0.4140914,0.014072161
1727831133.979734,0.999969482421875,-0.3993259,0.014765504
1727831134.0141802,0.999969482421875,-0.38397107,0.015354853
1727831134.0473037,0.999969482421875,-0.3681331,0.015837956
1727831134.0805185,0.999969482421875,-0.35191935,0.016213734
1727831134.1135838,0.999969482421875,-0.3354371,0.016482268
1727831134.146664,0.999969482421875,-0.3187923,0.01664477
1727831134.1815305,0.999969482421875,-0.3020888,0.016703514
1727831134.21437,0.999969482421875,-0.28542706,0.016661746
1727831134.247232,0.999969482421875,-0.2689035,0.016523572
1727831134.2797973,0.999969482421875,-0.25260967,0.016293833
1727831134.3135314,0.84918212890625,-0.23685789,0.015751781
1727831134.346741,0.23016357421875,-0.22265583,0.014202056
1727831134.3803966,0.0,-0.21041648,0.012239351
1727831134.414006,0.0,-0.20019536,0.010221124
1727831134.4472227,0.0,-0.19203675,0.008158612
1727831134.4803245,0.0,-0.18597461,0.006062142
1727831134.5142705,0.0,-0.18203336,0.003941252
1727831134.547116,0.0,-0.1802285,0.0018048607
1727831134.580881,0.0,-0.18056703,-0.00033852944
1727831134.6142306,0.0,-0.18304764,-0.0024806117
1727831134.647939,-0.0546875,-0.18774271,-0.0046950732
1727831134.6813526,-0.1484375,-0.19477428,-0.0070315693
1727831134.7146828,-0.2734375,-0.20430122,-0.00952694
1727831134.7482777,-0.375,-0.21643561,-0.012134393
1727831134.781371,-0.4609375,-0.23125267,-0.014817057
1727831134.8154702,-0.5546875,-0.24882388,-0.017571209
1727831134.8490407,-0.640625,-0.26919127,-0.020367369
1727831134.8821366,-0.7265625,-0.2923766,-0.023185346
1727831134.915759,-0.8359375,-0.31841427,-0.026037654
1727831134.9499638,-0.890625,-0.3472314,-0.028817117
1727831134.9834585,-0.90625,-0.37866977,-0.031438388
1727831135.0160747,-0.9140625,-0.4125323,-0.033862524
1727831135.0500174,-0.9140625,-0.44858357,-0.03605129
1727831135.0840714,-0.9140625,-0.48656383,-0.03798026
1727831135.1184742,-0.9140625,-0.52619237,-0.039628543
1727831135.151906,-0.9140625,-0.5671725,-0.040980186
1727831135.185396,-0.78125,-0.6089987,-0.04182619
1727831135.2200873,-0.6015625,-0.6510937,-0.042095017
1727831135.2529616,-0.328125,-0.69274783,-0.041654136
1727831135.2867723,-0.109375,-0.7333512,-0.04060333
1727831135.3213665,0.0,-0.7724831,-0.03913197
1727831135.354481,0.0,-0.8099171,-0.037434004
1727831135.3879087,0.0,-0.8454582,-0.035541102
1727831135.421018,0.0,-0.8789434,-0.033485156
1727831135.4547107,0.0,-0.9102403,-0.03129693
1727831135.4886477,0.0,-0.9392453,-0.029004999
1727831135.5223763,0.0,-0.9658802,-0.026634961
1727831135.5554867,0.0,-0.9900892,-0.024208983
1727831135.5885417,0.0,-1.0118347,-0.021745585
1727831135.622017,0.0,-1.0310944,-0.019259641
1727831135.6556134,0.0,-1.047857,-0.016762558
1727831135.6898565,0.0,-1.0621196,-0.014262564
1727831135.723333,0.0,-1.0738847,-0.011765068
1727831135.7563283,0.0,-1.0831578,-0.009273076
1727831135.7900872,0.0,-1.0899454,-0.0067876102
1727831135.824145,0.0,-1.0942535,-0.00430814
1727831135.8567169,0.0,-1.0960865,-0.0018330091
1727831135.8914912,0.0,-1.0954463,0.00064015016
1727831135.9252458,0.0,-1.0923324,0.0031140065
1727831135.9582562,0.007965087890625,-1.0867293,0.0056030713
1727831135.9925456,0.09527587890625,-1.0785009,0.008228425
1727831136.0264292,0.21429443359375,-1.067462,0.011038851
1727831136.0601091,0.277801513671875,-1.053511,0.013950935
1727831136.0935454,0.301605224609375,-1.0366081,0.016902894
1727831136.1284475,0.317474365234375,-1.0167303,0.019877844
1727831136.1608028,0.317474365234375,-0.9938867,0.02284362
1727831136.1945748,0.317474365234375,-0.96809876,0.025787927
1727831136.2276735,0.325408935546875,-0.9393928,0.028705982
1727831136.2618952,0.333343505859375,-0.9078164,0.031576388
1727831136.295816,0.373016357421875,-0.87339586,0.034420524
1727831136.3300567,0.420654296875,-0.8361766,0.037219305
1727831136.3632236,0.452392578125,-0.79626316,0.039913442
1727831136.3973248,0.484130859375,-0.7537991,0.042464077
1727831136.4303102,0.5396728515625,-0.708933,0.04486609
1727831136.4631288,0.626983642578125,-0.66180694,0.04712605
1727831136.495994,0.730133056640625,-0.6125786,0.049228366
1727831136.529959,0.76983642578125,-0.561536,0.05104257
1727831136.5628982,0.78570556640625,-0.509031,0.052505046
1727831136.596585,0.79364013671875,-0.45544472,0.05358628
1727831136.6292021,0.79364013671875,-0.4011756,0.054269142
1727831136.6632884,0.79364013671875,-0.34661365,0.05456193
1727831136.6959274,0.80157470703125,-0.29211524,0.0544984
1727831136.730129,0.80157470703125,-0.23801439,0.054100852
1727831136.7636023,0.80157470703125,-0.18460047,0.053413913
1727831136.7964025,0.80157470703125,-0.13211052,0.052489948
1727831136.8299758,0.80157470703125,-0.08072442,0.051386103
1727831136.8639,0.80157470703125,-0.030563,0.050161418
1727831136.8975046,0.80157470703125,0.01831128,0.04887428
1727831136.93008,0.80157470703125,0.0658917,0.047580414
1727831136.9637926,0.80157470703125,0.112223156,0.04633146
1727831136.997106,0.80950927734375,0.15740924,0.045186076
1727831137.0299191,0.80950927734375,0.20158318,0.04417395
1727831137.0637014,0.80950927734375,0.24491479,0.0433316
1727831137.09757,0.80950927734375,0.28760564,0.04269086
1727831137.1298978,0.80950927734375,0.329885,0.04227937
1727831137.163523,0.80950927734375,0.3720062,0.042121187
1727831137.1966398,0.80950927734375,0.4142435,0.042237293
1727831137.2302153,0.80950927734375,0.4568895,0.042646024
